0.0102	0.0252 0.0102	0.0039 0.0102	0.0321 0.0102	0.0038 0.0102	0.0102 0.0102	0.0015
0.0204	0.0284 0.0204	0.0195 0.0204	0.0339 0.0204	0.0043 0.0204	0.0108 0.0204	0.0159
0.0306	0.0385 0.0306	0.0212 0.0306	0.0354 0.0306	0.0098 0.0306	0.0160 0.0306	0.0239
0.0408	0.0444 0.0408	0.0269 0.0408	0.0538 0.0408	0.0135 0.0408	0.0185 0.0408	0.0346
0.0510	0.1104 0.0510	0.0292 0.0510	0.0599 0.0510	0.0283 0.0510	0.0282 0.0510	0.0542
0.0612	0.1116 0.0612	0.0398 0.0612	0.0661 0.0612	0.0380 0.0612	0.0335 0.0612	0.0619
0.0714	0.1517 0.0714	0.0434 0.0714	0.0709 0.0714	0.0419 0.0714	0.0335 0.0714	0.0634
0.0816	0.1754 0.0816	0.0502 0.0816	0.0726 0.0816	0.0495 0.0816	0.0428 0.0816	0.0709
0.0918	0.1758 0.0918	0.0504 0.0918	0.0775 0.0918	0.0632 0.0918	0.0499 0.0918	0.0715
0.1020	0.1901 0.1020	0.0527 0.1020	0.1003 0.1020	0.0646 0.1020	0.0533 0.1020	0.0844
0.1122	0.1946 0.1122	0.0556 0.1122	0.1093 0.1122	0.0880 0.1122	0.0537 0.1122	0.0863
0.1224	0.2095 0.1224	0.0557 0.1224	0.1548 0.1224	0.0969 0.1224	0.0553 0.1224	0.0902
0.1327	0.2164 0.1327	0.0597 0.1327	0.1695 0.1327	0.1110 0.1327	0.0582 0.1327	0.0932
0.1429	0.2222 0.1429	0.0606 0.1429	0.1726 0.1429	0.1453 0.1429	0.0654 0.1429	0.1071
0.1531	0.2247 0.1531	0.0627 0.1531	0.1749 0.1531	0.1523 0.1531	0.0682 0.1531	0.1177
0.1633	0.2255 0.1633	0.0629 0.1633	0.1844 0.1633	0.1576 0.1633	0.0968 0.1633	0.1186
0.1735	0.2322 0.1735	0.0636 0.1735	0.2037 0.1735	0.1795 0.1735	0.0993 0.1735	0.1307
0.1837	0.2327 0.1837	0.0666 0.1837	0.2074 0.1837	0.1820 0.1837	0.1011 0.1837	0.1356
0.1939	0.2348 0.1939	0.0682 0.1939	0.2199 0.1939	0.1848 0.1939	0.1013 0.1939	0.1382
0.2041	0.2390 0.2041	0.0687 0.2041	0.2325 0.2041	0.1902 0.2041	0.1020 0.2041	0.1481
0.2143	0.2508 0.2143	0.0689 0.2143	0.2432 0.2143	0.2023 0.2143	0.1074 0.2143	0.1496
0.2245	0.2508 0.2245	0.0694 0.2245	0.2629 0.2245	0.2029 0.2245	0.1112 0.2245	0.1539
0.2347	0.2523 0.2347	0.0703 0.2347	0.2706 0.2347	0.2119 0.2347	0.1151 0.2347	0.1540
0.2449	0.2531 0.2449	0.0713 0.2449	0.2716 0.2449	0.2284 0.2449	0.1155 0.2449	0.1558
0.2551	0.2546 0.2551	0.0756 0.2551	0.2744 0.2551	0.2313 0.2551	0.1198 0.2551	0.1679
0.2653	0.2547 0.2653	0.0757 0.2653	0.3125 0.2653	0.2336 0.2653	0.1242 0.2653	0.1727
0.2755	0.2651 0.2755	0.0760 0.2755	0.3196 0.2755	0.2346 0.2755	0.1296 0.2755	0.1790
0.2857	0.2741 0.2857	0.0775 0.2857	0.3275 0.2857	0.2410 0.2857	0.1320 0.2857	0.1792
0.2959	0.2905 0.2959	0.0802 0.2959	0.3291 0.2959	0.2451 0.2959	0.1420 0.2959	0.1815
0.3061	0.2962 0.3061	0.0834 0.3061	0.3431 0.3061	0.2476 0.3061	0.1463 0.3061	0.2054
0.3163	0.3018 0.3163	0.0841 0.3163	0.3719 0.3163	0.2514 0.3163	0.1483 0.3163	0.2184
0.3265	0.3037 0.3265	0.0850 0.3265	0.3839 0.3265	0.2544 0.3265	0.1569 0.3265	0.2187
0.3367	0.3124 0.3367	0.0854 0.3367	0.3846 0.3367	0.2580 0.3367	0.1588 0.3367	0.2209
0.3469	0.3138 0.3469	0.0868 0.3469	0.4024 0.3469	0.2680 0.3469	0.1649 0.3469	0.2243
0.3571	0.3208 0.3571	0.0964 0.3571	0.4278 0.3571	0.2733 0.3571	0.1660 0.3571	0.2349
0.3673	0.3232 0.3673	0.0967 0.3673	0.4411 0.3673	0.2737 0.3673	0.1674 0.3673	0.2422
0.3776	0.3239 0.3776	0.1042 0.3776	0.4506 0.3776	0.2745 0.3776	0.1711 0.3776	0.2862
0.3878	0.3391 0.3878	0.1045 0.3878	0.4546 0.3878	0.2749 0.3878	0.1743 0.3878	0.3015
0.3980	0.3393 0.3980	0.1062 0.3980	0.4621 0.3980	0.2771 0.3980	0.1774 0.3980	0.3043
0.4082	0.3406 0.4082	0.1082 0.4082	0.4762 0.4082	0.2848 0.4082	0.1807 0.4082	0.3052
0.4184	0.3472 0.4184	0.1090 0.4184	0.5140 0.4184	0.2909 0.4184	0.1864 0.4184	0.3095
0.4286	0.3500 0.4286	0.1096 0.4286	0.5346 0.4286	0.2954 0.4286	0.1937 0.4286	0.3160
0.4388	0.3521 0.4388	0.1260 0.4388	0.5867 0.4388	0.3065 0.4388	0.1973 0.4388	0.3565
0.4490	0.3533 0.4490	0.1278 0.4490	0.6007 0.4490	0.3161 0.4490	0.2028 0.4490	0.3777
0.4592	0.3635 0.4592	0.1301 0.4592	0.6441 0.4592	0.3173 0.4592	0.2061 0.4592	0.3779
0.4694	0.3781 0.4694	0.1321 0.4694	0.6591 0.4694	0.3831 0.4694	0.2071 0.4694	0.3782
0.4796	0.3804 0.4796	0.1363 0.4796	0.6658 0.4796	0.3845 0.4796	0.2094 0.4796	0.3782
0.4898	0.3837 0.4898	0.1367 0.4898	0.6835 0.4898	0.4506 0.4898	0.2097 0.4898	0.3790
0.5000	0.4018 0.5000	0.1465 0.5000	0.6842 0.5000	0.4645 0.5000	0.2125 0.5000	0.3956
0.5102	0.4093 0.5102	0.1468 0.5102	0.7002 0.5102	0.4843 0.5102	0.2158 0.5102	0.4093
0.5204	0.4149 0.5204	0.1493 0.5204	0.7021 0.5204	0.6533 0.5204	0.2182 0.5204	0.4179
0.5306	0.4165 0.5306	0.1505 0.5306	0.7988 0.5306	0.6545 0.5306	0.2190 0.5306	0.4194
0.5408	0.4348 0.5408	0.1531 0.5408	0.8485 0.5408	0.6590 0.5408	0.2203 0.5408	0.4253
0.5510	0.4365 0.5510	0.1555 0.5510	0.8585 0.5510	0.6670 0.5510	0.2238 0.5510	0.4274
0.5612	0.4407 0.5612	0.1556 0.5612	0.8967 0.5612	0.6810 0.5612	0.2284 0.5612	0.4539
0.5714	0.4733 0.5714	0.1559 0.5714	0.9044 0.5714	0.6850 0.5714	0.2366 0.5714	0.4670
0.5816	0.5361 0.5816	0.1628 0.5816	0.9336 0.5816	0.7209 0.5816	0.2389 0.5816	0.5025
0.5918	0.5373 0.5918	0.1656 0.5918	0.9635 0.5918	0.7438 0.5918	0.2408 0.5918	0.5052
0.6020	0.5384 0.6020	0.1750 0.6020	0.9920 0.6020	0.7721 0.6020	0.2448 0.6020	0.5075
0.6122	0.5481 0.6122	0.1769 0.6122	1.0023 0.6122	0.7784 0.6122	0.2450 0.6122	0.5146
0.6224	0.5499 0.6224	0.1802 0.6224	1.0230 0.6224	0.7795 0.6224	0.2484 0.6224	0.5293
0.6327	0.5559 0.6327	0.1821 0.6327	1.1447 0.6327	0.7825 0.6327	0.2537 0.6327	0.5343
0.6429	0.5716 0.6429	0.1905 0.6429	1.2856 0.6429	0.7918 0.6429	0.2570 0.6429	0.5374
0.6531	0.5833 0.6531	0.1931 0.6531	1.3459 0.6531	0.7924 0.6531	0.2599 0.6531	0.5405
0.6633	0.5858 0.6633	0.1934 0.6633	1.3888 0.6633	0.7928 0.6633	0.2657 0.6633	0.5571
0.6735	0.5868 0.6735	0.2001 0.6735	1.4659 0.6735	0.8084 0.6735	0.2666 0.6735	0.5646
0.6837	0.5871 0.6837	0.2023 0.6837	1.4847 0.6837	0.8111 0.6837	0.2730 0.6837	0.5688
0.6939	0.5877 0.6939	0.2099 0.6939	1.5251 0.6939	0.8120 0.6939	0.2743 0.6939	0.5831
0.7041	0.5924 0.7041	0.2144 0.7041	1.5266 0.7041	0.8262 0.7041	0.2783 0.7041	0.5849
0.7143	0.5946 0.7143	0.2157 0.7143	1.5358 0.7143	0.8277 0.7143	0.2811 0.7143	0.5892
0.7245	0.6013 0.7245	0.2164 0.7245	1.6617 0.7245	0.8301 0.7245	0.2988 0.7245	0.5980
0.7347	0.6079 0.7347	0.2299 0.7347	1.6713 0.7347	0.8379 0.7347	0.3014 0.7347	0.6292
0.7449	0.6128 0.7449	0.2442 0.7449	1.7269 0.7449	0.8400 0.7449	0.3048 0.7449	0.6462
0.7551	0.6233 0.7551	0.2533 0.7551	1.7400 0.7551	0.8482 0.7551	0.3120 0.7551	0.6492
0.7653	0.6494 0.7653	0.2613 0.7653	1.7737 0.7653	0.8693 0.7653	0.3300 0.7653	0.6869
0.7755	0.6522 0.7755	0.2666 0.7755	1.7985 0.7755	0.8826 0.7755	0.3327 0.7755	0.6931
0.7857	0.6676 0.7857	0.2741 0.7857	1.8616 0.7857	0.8894 0.7857	0.3330 0.7857	0.6973
0.7959	0.6686 0.7959	0.2749 0.7959	1.9595 0.7959	0.9046 0.7959	0.3413 0.7959	0.7003
0.8061	0.6718 0.8061	0.2947 0.8061	1.9789 0.8061	0.9094 0.8061	0.3463 0.8061	0.7292
0.8163	0.6808 0.8163	0.2988 0.8163	1.9831 0.8163	0.9273 0.8163	0.3607 0.8163	0.7305
0.8265	0.6829 0.8265	0.3068 0.8265	2.0165 0.8265	0.9274 0.8265	0.3776 0.8265	0.7429
0.8367	0.6853 0.8367	0.3134 0.8367	2.0633 0.8367	0.9432 0.8367	0.3800 0.8367	0.7430
0.8469	0.6877 0.8469	0.3417 0.8469	2.1034 0.8469	0.9463 0.8469	0.3821 0.8469	0.7566
0.8571	0.6889 0.8571	0.3430 0.8571	2.1052 0.8571	0.9857 0.8571	0.3915 0.8571	0.7578
0.8673	0.6919 0.8673	0.3454 0.8673	2.2699 0.8673	0.9934 0.8673	0.4124 0.8673	0.7724
0.8776	0.6943 0.8776	0.3724 0.8776	2.3238 0.8776	0.9983 0.8776	0.4253 0.8776	0.8364
0.8878	0.6954 0.8878	0.3903 0.8878	2.4852 0.8878	1.0235 0.8878	0.4301 0.8878	0.8536
0.8980	0.7020 0.8980	0.4152 0.8980	2.5398 0.8980	1.0310 0.8980	0.4363 0.8980	0.8771
0.9082	0.7078 0.9082	0.4639 0.9082	2.6991 0.9082	1.0767 0.9082	0.4474 0.9082	0.8944
0.9184	0.7169 0.9184	0.4730 0.9184	2.7058 0.9184	1.0795 0.9184	0.4591 0.9184	0.8961
0.9286	0.7187 0.9286	0.4747 0.9286	2.7502 0.9286	1.0992 0.9286	0.4687 0.9286	0.9028
0.9388	0.7248 0.9388	0.5009 0.9388	2.8274 0.9388	1.6921 0.9388	0.4817 0.9388	0.9770
0.9490	0.7271 0.9490	0.5728 0.9490	2.8400 0.9490	1.8433 0.9490	0.5358 0.9490	0.9925
0.9592	0.7458 0.9592	0.5804 0.9592	3.1179 0.9592	1.8501 0.9592	0.5659 0.9592	1.0148
0.9694	0.7493 0.9694	0.5998 0.9694	3.2163 0.9694	1.8602 0.9694	0.6517 0.9694	1.2288
0.9796	0.9618 0.9796	0.6041 0.9796	3.3250 0.9796	1.9294 0.9796	0.7329 0.9796	1.2584
0.9898	1.2295 0.9898	0.6571 0.9898	3.5047 0.9898	1.9316 0.9898	0.8356 0.9898	1.2600
1.0000	1.4943 1.0000	0.6693 1.0000	3.6254 1.0000	1.9788 1.0000	1.1990 1.0000	2.0478
