1 11.724013 12.8033
2 11.470243 12.0133
3 10.839752 11.3759
4 10.620795 11.0467
5 10.919151 11.75
6 10.946093 11.55
7 11.498852 12.12
8 11.355779 12.0833
9 11.004761 11.6933
10 10.946729 11.5433
11 13.678320 14.8172
12 16.929274 19.5667
13 17.653041 20.4733
14 17.990664 20.6967
15 17.701095 20.5267
16 18.633720 21.2767
17 18.008350 20.6567
18 18.268314 21.04
19 18.231218 21.0133
20 17.668367 20.3759
21 17.983021 20.6967
22 17.903492 20.3167
23 18.124653 20.7367
24 17.682530 20.67
25 18.032939 20.5967
26 18.079258 20.9533
27 18.040368 20.8567
28 10.166573 10.8828
29 8.842829 8.82333
30 8.968047 8.91333
31 9.301668 9.18667
32 9.127078 9.04667
33 9.031712 8.7
