1 24.928618 25.9133
2 22.314985 23.49
3 20.569083 21.6433
4 20.408735 21.5867
5 21.241581 21.7067
6 20.934659 21.79
7 21.492886 22.3567
8 21.863146 22.8207
9 20.865243 21.63
10 20.751893 21.6733
11 28.220598 29.8567
12 39.447847 40.5933
13 42.285479 43.43
14 42.347246 43.7733
15 42.008984 42.6867
16 43.263388 44.8276
17 42.064079 43.4933
18 42.259114 43.54
19 42.523372 43.8367
20 41.447737 42.5
21 42.024048 42.8233
22 41.471027 43
23 42.174008 43.4633
24 42.129709 43.2759
25 41.738644 42.7467
26 42.415128 43.5433
27 42.609618 43.5867
28 18.729196 19.2467
29 14.315591 14.7467
30 14.373903 14.8233
31 14.857035 15.5067
32 14.492371 14.9633
33 13.854551 14.8897
34 20.095144 18.8433
35 19.339135 18.5067
36 18.104332 17.0533
37 15.546021 14.68
38 16.972247 15.7967
39 15.832781 14.4233
40 15.512930 14.2533
41 15.512413 14.2
42 15.917034 14.8333
43 14.109543 12.97
44 18.982336 17.51
45 26.319564 24.1333
46 27.219271 24.88
47 25.199356 23.76
48 24.595942 21.9733
49 24.971083 23.0172
50 24.337648 22.21
51 24.619866 22.2233
52 24.357363 22.0167
53 23.510736 21.18
54 23.459675 21.06
55 23.232429 21.2033
56 23.906887 21.68
57 23.407112 20.969
58 23.390642 21.0067
59 23.096273 20.99
60 23.195446 20.86
61 11.442614 10.04
62 8.645363 7.64
63 9.120714 8.1
64 8.962857 7.80667
65 9.036135 7.94
66 8.256782 7.33103
