1 28.433295 30.2567
2 25.721115 27.3133
3 23.709978 25.2241
4 23.670254 24.9167
5 23.953913 26.11
6 24.065180 25.7567
7 24.795146 26.7233
8 25.181791 27.0067
9 23.896418 25.83
10 23.869617 25.4967
11 33.175085 34.9759
12 45.258478 48.8933
13 48.397643 52.24
14 48.892671 52.3933
15 47.565124 52.0067
16 50.200053 53.86
17 48.628326 52.2
18 48.867552 52.71
19 49.184520 52.9467
20 47.493997 51.3724
21 47.931712 52.2267
22 48.054829 51.41
23 48.664667 52.4267
24 48.272483 52.06
25 48.033283 51.9033
26 48.851853 52.7967
27 48.660721 52.8333
28 21.366237 23.3034
29 16.310243 17.73
30 16.378676 17.8367
31 17.230323 18.5433
32 16.605516 18.0767
33 16.469430 17.2633
