1 24.928618 25.9133
2 22.314985 23.49
3 20.569083 21.6433
4 20.408735 21.5867
5 21.241581 21.7067
6 20.934659 21.79
7 21.492886 22.3567
8 21.863146 22.8207
9 20.865243 21.63
10 20.751893 21.6733
11 28.220598 29.8567
12 39.447847 40.5933
13 42.285479 43.43
14 42.347246 43.7733
15 42.008984 42.6867
16 43.263388 44.8276
17 42.064079 43.4933
18 42.259114 43.54
19 42.523372 43.8367
20 41.447737 42.5
21 42.024048 42.8233
22 41.471027 43
23 42.174008 43.4633
24 42.129709 43.2759
25 41.738644 42.7467
26 42.415128 43.5433
27 42.609618 43.5867
28 18.729196 19.2467
29 14.315591 14.7467
30 14.373903 14.8233
31 14.857035 15.5067
32 14.492371 14.9633
33 13.854551 14.8897
