1 19.868448 20.7933
2 19.448738 20
3 18.099288 18.74
4 15.859945 16.0967
5 16.933611 17.5733
6 15.755000 16.4133
7 15.828227 16.0966
8 15.684934 16.0867
9 16.160731 16.5033
10 14.436405 14.62
11 19.646088 19.68
12 27.141697 27.2759
13 28.094886 28.2233
14 27.280085 26.1667
15 25.471421 25.5267
16 26.870754 25.9167
17 25.820344 25.26
18 25.997727 25.5552
19 25.859945 25.2867
20 24.713019 24.4167
21 24.824138 24.3533
22 24.891698 24.1167
23 25.450733 24.8103
24 24.594897 24.3033
25 24.791235 24.2667
26 24.880596 23.97
27 24.637418 24.09
28 11.572335 11.8621
29 8.814474 8.96667
30 9.241276 9.45333
31 9.137946 9.29333
32 9.185209 9.37
33 8.609845 8.56667
