1 10.446013 8.56
2 0.356523 8.37586
3 9.707428 8.09667
4 9.329339 7.81667
5 9.707429 8.17333
6 9.592216 8.06333
7 9.812907 8.27586
8 9.805691 8.41333
9 9.650044 8.16667
10 9.306305 7.91667
11 11.592399 9.87667
12 14.263872 12.6172
13 14.962952 13.19
14 15.018251 13.26
15 14.592918 13.16
16 15.368260 13.55
17 14.988738 13.25
18 15.169898 13.4241
19 15.127930 13.4067
20 14.632597 13.14
21 14.792290 13.2667
22 14.723220 13.0533
23 14.974851 13.2379
24 14.636860 13.15
25 14.991280 13.1533
26 14.883091 13.3967
27 14.774674 13.3133
28 8.701521 7.56552
29 7.537676 6.33667
30 7.639988 6.43333
31 7.820359 6.51
32 7.682389 6.40667
33 7.500841 6.26667
