1 20.095144 18.8433
2 19.339135 18.5067
3 18.104332 17.0533
4 15.546021 14.68
5 16.972247 15.7967
6 15.832781 14.4233
7 15.512930 14.2533
8 15.512413 14.2
9 15.917034 14.8333
10 14.109543 12.97
11 18.982336 17.51
12 26.319564 24.1333
13 27.219271 24.88
14 25.199356 23.76
15 24.595942 21.9733
16 24.971083 23.0172
17 24.337648 22.21
18 24.619866 22.2233
19 24.357363 22.0167
20 23.510736 21.18
21 23.459675 21.06
22 23.232429 21.2033
23 23.906887 21.68
24 23.407112 20.969
25 23.390642 21.0067
26 23.096273 20.99
27 23.195446 20.86
28 11.442614 10.04
29 8.645363 7.64
30 9.120714 8.1
31 8.962857 7.80667
32 9.036135 7.94
33 8.256782 7.33103
