1 11.724013 12.8033
2 11.470243 12.0133
3 10.839752 11.3759
4 10.620795 11.0467
5 10.919151 11.75
6 10.946093 11.55
7 11.498852 12.12
8 11.355779 12.0833
9 11.004761 11.6933
10 10.946729 11.5433
11 13.678320 14.8172
12 16.929274 19.5667
13 17.653041 20.4733
14 17.990664 20.6967
15 17.701095 20.5267
16 18.633720 21.2767
17 18.008350 20.6567
18 18.268314 21.04
19 18.231218 21.0133
20 17.668367 20.3759
21 17.983021 20.6967
22 17.903492 20.3167
23 18.124653 20.7367
24 17.682530 20.67
25 18.032939 20.5967
26 18.079258 20.9533
27 18.040368 20.8567
28 10.166573 10.8828
29 8.842829 8.82333
30 8.968047 8.91333
31 9.301668 9.18667
32 9.127078 9.04667
33 9.031712 8.7
34 10.446013 8.56
35 10.356523 8.37586
36 9.707428 8.09667
37 9.329339 7.81667
38 9.707429 8.17333
39 9.592216 8.06333
40 9.812907 8.27586
41 9.805691 8.41333
42 9.650044 8.16667
43 9.306305 7.91667
44 11.592399 9.87667
45 14.263872 12.6172
46 14.962952 13.19
47 15.018251 13.26
48 14.592918 13.16
49 15.368260 13.55
50 14.988738 13.25
51 15.169898 13.4241
52 15.127930 13.4067
53 14.632597 13.14
54 14.792290 13.2667
55 14.723220 13.0533
56 14.974851 13.2379
57 14.636860 13.15
58 14.991280 13.1533
59 14.883091 13.3967
60 14.774674 13.3133
61 8.701521 7.56552
62 7.537676 6.33667
63 7.639988 6.43333
64 7.820359 6.51
65 7.682389 6.40667
66 7.500841 6.26667
