1 28.433295 30.2567
2 25.721115 27.3133
3 23.709978 25.2241
4 23.670254 24.9167
5 23.953913 26.11
6 24.065180 25.7567
7 24.795146 26.7233
8 25.181791 27.0067
9 23.896418 25.83
10 23.869617 25.4967
11 33.175085 34.9759
12 45.258478 48.8933
13 48.397643 52.24
14 48.892671 52.3933
15 47.565124 52.0067
16 50.200053 53.86
17 48.628326 52.2
18 48.867552 52.71
19 49.184520 52.9467
20 47.493997 51.3724
21 47.931712 52.2267
22 48.054829 51.41
23 48.664667 52.4267
24 48.272483 52.06
25 48.033283 51.9033
26 48.851853 52.7967
27 48.660721 52.8333
28 21.366237 23.3034
29 16.310243 17.73
30 16.378676 17.8367
31 17.230323 18.5433
32 16.605516 18.0767
33 16.469430 17.2633
34 19.868448 20.7933
35 19.448738 20
36 18.099288 18.74
37 15.859945 16.0967
38 16.933611 17.5733
39 15.755000 16.4133
40 15.828227 16.0966
41 15.684934 16.0867
42 16.160731 16.5033
43 14.436405 14.62
44 19.646088 19.68
45 27.141697 27.2759
46 28.094886 28.2233
47 27.280085 26.1667
48 25.471421 25.5267
49 26.870754 25.9167
50 25.820344 25.26
51 25.997727 25.5552
52 25.859945 25.2867
53 24.713019 24.4167
54 24.824138 24.3533
55 24.891698 24.1167
56 25.450733 24.8103
57 24.594897 24.3033
58 24.791235 24.2667
59 24.880596 23.97
60 24.637418 24.09
61 11.572335 11.8621
62 8.814474 8.96667
63 9.241276 9.45333
64 9.137946 9.29333
65 9.185209 9.37
66 8.609845 8.56667
