1 8.444791 9.63333
2 8.016746 9.24333
3 7.688969 8.79
4 7.448943 8.52
5 7.756024 8.69
6 7.654483 8.68667
7 7.876469 8.83667
8 7.893370 8.89655
9 7.694542 8.70667
10 7.504263 8.57667
11 9.078885 10.8867
12 11.202269 14.0367
13 11.752314 14.7933
14 11.858402 14.8733
15 11.467802 14.57
16 12.004810 15.1379
17 11.598735 14.76
18 11.821255 14.7733
19 11.711961 14.8633
20 11.427360 14.4533
21 11.609621 14.56
22 11.383918 14.6033
23 11.664572 14.7333
24 11.471868 14.6138
25 11.604459 14.4933
26 11.676692 14.7233
27 11.574634 14.7467
28 7.297276 7.79667
29 6.271903 6.44
30 6.338613 6.58333
31 6.499828 6.71
32 6.469808 6.56667
33 6.336189 6.5
