-0.984682
-1.17501
-1.07422
-1.17797
-0.465119
-0.855341
-0.863814
-0.957554
-0.764757
-0.921407
-1.6361
-1.14545
-1.14452
-1.42605
-0.677716
-1.56421
-1.42922
-1.28089
-1.31333
-1.05226
-0.799252
-1.52897
-1.28929
-1.14619
-1.00806
-1.12817
-0.977082
-0.517504
-0.431109
-0.449397
-0.649665
-0.470929
-1.03515
1.25184
0.832435
1.05103
0.866021
1.17555
1.40948
1.25963
1.31241
1.08373
1.13954
1.47234
2.18626
2.33927
1.43936
2.62264
1.95388
2.12765
2.39657
2.34066
2.33074
2.39968
2.02913
2.22689
2.43811
2.38394
2.10627
2.33545
1.40261
1.00536
1.02071
1.15619
1.09613
0.925752
