-1.8234
-1.59219
-1.51412
-1.24645
-2.15609
-1.69152
-1.92815
-1.82491
-1.93358
-1.62708
-1.80082
-3.63482
-3.84236
-3.50063
-4.44158
-3.65995
-3.57167
-3.84245
-3.76218
-3.8784
-4.29499
-3.35517
-3.76203
-3.78752
-3.87002
-3.94485
-4.17258
-1.93716
-1.41976
-1.45802
-1.31298
-1.47118
-0.79387
-0.924852
-0.551262
-0.640712
-0.236755
-0.639689
-0.6583
-0.268373
-0.401766
-0.342569
-0.183595
-0.033912
-0.134203
-0.128414
1.11339
-0.055279
0.954054
0.560344
0.442527
0.573245
0.296319
0.470838
0.774998
0.640433
0.291597
0.524535
0.910596
0.547418
-0.289765
-0.152196
-0.212054
-0.155384
-0.184791
0.043175
