-1.07929
-0.543057
-0.536148
-0.425905
-0.830849
-0.603907
-0.621148
-0.727521
-0.688539
-0.596571
-1.13888
-2.63743
-2.82026
-2.70604
-2.82561
-2.64298
-2.64835
-2.77169
-2.78208
-2.70753
-2.71368
-2.41321
-2.61205
-2.98747
-2.56376
-2.87404
-2.81633
-0.716227
0.019499
0.054717
0.114998
0.080408
0.331712
1.88601
1.98066
1.61076
1.51267
1.5341
1.52889
1.53705
1.39236
1.48337
1.38964
1.71573
1.64667
1.77295
1.75825
1.43292
1.81826
1.73874
1.7458
1.72123
1.4926
1.52559
1.66992
1.73695
1.48686
1.83798
1.48639
1.46137
1.136
1.20101
1.20666
1.31036
1.27572
1.23417
