0.0204	0.0007 0.0204	0.0145 0.0204	0.1678 0.0204	0.0058 0.0204	0.0900 0.0204	0.0005
0.0408	0.0015 0.0408	0.0171 0.0408	0.1680 0.0408	0.0252 0.0408	0.1811 0.0408	0.0025
0.0612	0.0022 0.0612	0.0183 0.0612	0.1726 0.0612	0.0791 0.0612	0.2096 0.0612	0.0288
0.0816	0.0024 0.0816	0.0246 0.0816	0.1729 0.0816	0.0970 0.0816	0.2509 0.0816	0.0398
0.1020	0.0027 0.1020	0.0311 0.1020	0.2488 0.1020	0.0989 0.1020	0.2584 0.1020	0.0410
0.1224	0.0028 0.1224	0.0312 0.1224	0.2627 0.1224	0.1123 0.1224	0.2859 0.1224	0.0491
0.1429	0.0043 0.1429	0.0413 0.1429	0.2812 0.1429	0.1295 0.1429	0.2992 0.1429	0.0593
0.1633	0.0057 0.1633	0.0416 0.1633	0.3004 0.1633	0.1363 0.1633	0.3350 0.1633	0.0920
0.1837	0.0069 0.1837	0.0434 0.1837	0.3166 0.1837	0.1639 0.1837	0.3909 0.1837	0.1165
0.2041	0.0079 0.2041	0.0457 0.2041	0.3403 0.2041	0.1821 0.2041	0.4096 0.2041	0.1279
0.2245	0.0085 0.2245	0.0538 0.2245	0.3428 0.2245	0.1825 0.2245	0.4181 0.2245	0.1315
0.2449	0.0088 0.2449	0.0567 0.2449	0.4125 0.2449	0.2121 0.2449	0.4226 0.2449	0.1546
0.2653	0.0109 0.2653	0.0580 0.2653	0.4841 0.2653	0.2145 0.2653	0.4249 0.2653	0.1815
0.2857	0.0119 0.2857	0.0728 0.2857	0.7157 0.2857	0.2163 0.2857	0.4394 0.2857	0.1827
0.3061	0.0141 0.3061	0.0728 0.3061	0.7341 0.3061	0.2259 0.3061	0.4801 0.3061	0.2154
0.3265	0.0149 0.3265	0.0753 0.3265	0.7523 0.3265	0.2482 0.3265	0.4876 0.3265	0.2829
0.3469	0.0178 0.3469	0.0864 0.3469	0.8770 0.3469	0.2786 0.3469	0.5055 0.3469	0.3260
0.3673	0.0185 0.3673	0.0916 0.3673	0.9136 0.3673	0.2862 0.3673	0.5280 0.3673	0.3362
0.3878	0.0188 0.3878	0.0946 0.3878	0.9526 0.3878	0.2926 0.3878	0.5307 0.3878	0.3389
0.4082	0.0191 0.4082	0.0989 0.4082	0.9587 0.4082	0.3041 0.4082	0.5786 0.4082	0.3465
0.4286	0.0201 0.4286	0.1069 0.4286	1.0051 0.4286	0.3065 0.4286	0.5813 0.4286	0.3727
0.4490	0.0204 0.4490	0.1109 0.4490	1.0180 0.4490	0.3093 0.4490	0.6193 0.4490	0.3913
0.4694	0.0213 0.4694	0.1243 0.4694	1.0747 0.4694	0.3159 0.4694	0.6235 0.4694	0.4226
0.4898	0.0230 0.4898	0.1255 0.4898	1.0768 0.4898	0.3228 0.4898	0.6243 0.4898	0.4260
0.5102	0.0236 0.5102	0.1592 0.5102	1.1114 0.5102	0.3490 0.5102	0.6272 0.5102	0.4496
0.5306	0.0281 0.5306	0.1737 0.5306	1.1165 0.5306	0.3682 0.5306	0.6307 0.5306	0.5147
0.5510	0.0320 0.5510	0.1769 0.5510	1.2731 0.5510	0.3750 0.5510	0.6432 0.5510	0.5173
0.5714	0.0323 0.5714	0.2063 0.5714	1.4181 0.5714	0.4010 0.5714	0.6457 0.5714	0.5357
0.5918	0.0389 0.5918	0.2613 0.5918	1.4630 0.5918	0.4775 0.5918	0.6636 0.5918	0.5415
0.6122	0.0394 0.6122	0.2830 0.6122	1.5244 0.6122	0.4857 0.6122	0.6744 0.6122	0.5817
0.6327	0.0479 0.6327	0.2975 0.6327	1.6402 0.6327	0.4950 0.6327	0.6768 0.6327	0.6747
0.6531	0.0496 0.6531	0.3056 0.6531	1.7098 0.6531	0.5107 0.6531	0.7033 0.6531	0.8524
0.6735	0.2031 0.6735	0.3072 0.6735	1.7508 0.6735	0.5188 0.6735	0.7188 0.6735	0.9564
0.6939	0.2808 0.6939	0.3979 0.6939	1.7866 0.6939	0.5278 0.6939	0.7351 0.6939	0.9935
0.7143	0.2905 0.7143	0.4300 0.7143	1.8617 0.7143	0.5406 0.7143	0.7471 0.7143	1.2794
0.7347	0.3413 0.7347	0.4453 0.7347	2.0120 0.7347	0.5767 0.7347	0.7549 0.7347	1.3689
0.7551	0.3656 0.7551	0.4486 0.7551	2.1036 0.7551	0.6188 0.7551	0.7577 0.7551	1.4749
0.7755	0.3686 0.7755	0.4664 0.7755	2.1642 0.7755	0.6441 0.7755	0.7744 0.7755	1.7538
0.7959	0.3710 0.7959	0.5232 0.7959	2.3205 0.7959	0.6529 0.7959	0.7784 0.7959	1.9210
0.8163	0.3735 0.8163	0.5472 0.8163	2.3711 0.8163	0.6573 0.8163	0.7902 0.8163	2.0695
0.8367	0.3853 0.8367	0.5505 0.8367	2.3780 0.8367	0.6618 0.8367	0.7991 0.8367	2.1779
0.8571	0.3906 0.8571	0.5810 0.8571	2.3835 0.8571	0.6722 0.8571	0.8127 0.8571	2.3872
0.8776	0.3928 0.8776	0.5923 0.8776	2.4545 0.8776	0.6923 0.8776	0.8264 0.8776	2.7452
0.8980	0.3988 0.8980	0.5939 0.8980	2.5818 0.8980	0.7855 0.8980	0.8354 0.8980	2.7490
0.9184	0.3996 0.9184	0.6168 0.9184	2.6833 0.9184	0.8133 0.9184	0.8365 0.9184	4.1277
0.9388	0.4005 0.9388	0.6724 0.9388	2.9715 0.9388	0.8271 0.9388	0.9288 0.9388	4.1468
0.9592	0.4098 0.9592	0.8379 0.9592	3.0607 0.9592	0.8901 0.9592	0.9349 0.9592	4.2247
0.9796	0.4160 0.9796	0.8793 0.9796	3.1608 0.9796	0.9132 0.9796	0.9694 0.9796	4.3996
1.0000	0.4205 1.0000	0.9368 1.0000	3.3285 1.0000	0.9456 1.0000	0.9939 1.0000	4.6271
