100000 70397 61615
200000 154203 134689
300000 198434 168405
400000 262144 208983
500000 262144 210629
600000 262144 211596
700000 262144 214803
800000 262144 214631
900000 262144 222967
1000000 262144 221584
1100000 262144 168148
1200000 262144 169290
1300000 262144 173393
1400000 262144 178039
1500000 262144 182750
1600000 262144 188009
1700000 262144 189938
1800000 262144 186589
1900000 262144 193413
2000000 262144 191098
2100000 262144 191010
2200000 262144 185687
2300000 262144 186736
2400000 262144 192594
2500000 262144 189975
2600000 262144 188758
2700000 262144 183842
2800000 262144 187464
2900000 262144 196855
3000000 262144 195813
3100000 262144 187814
3200000 262144 193977
3300000 262144 198207
3400000 262144 200923
3500000 262144 196192
3600000 262144 178065
3700000 262144 177525
3800000 262144 178850
3900000 262144 184695
4000000 262144 182489
4100000 262144 175337
4200000 262144 197819
4300000 262144 194125
4400000 262144 189411
4500000 262144 195699
4600000 262144 202396
4700000 262144 202520
4800000 262144 200585
4900000 262144 205084
5000000 262144 202626
5100000 262144 193843
5200000 262144 171162
5300000 262144 170502
5400000 262144 174543
5500000 262144 180565
5600000 262144 186737
5700000 262144 179167
5800000 262144 173254
5900000 262144 172507
6000000 262144 173783
6100000 262144 178905
6200000 262144 186750
6300000 262144 191366
6400000 262144 189409
6500000 262144 194605
6600000 262144 190290
6700000 262144 192447
6800000 262144 201287
6900000 262144 201494
7000000 262144 201909
7100000 262144 200497
7200000 262144 201519
7300000 262144 202406
7400000 262144 202397
7500000 262144 202312
7600000 262144 202471
7700000 262144 202331
7800000 262144 202790
7900000 262144 203258
8000000 262144 203894
8100000 262144 201463
8200000 262144 191086
8300000 262144 184294
8400000 262144 183412
8500000 262144 177999
8600000 262144 179488
8700000 262144 183845
8800000 262144 194110
8900000 262144 191533
9000000 262144 185269
9100000 262144 180380
9200000 262144 180444
9300000 262144 183017
9400000 262144 187328
9500000 262144 185434
9600000 262144 183156
9700000 262144 181514
9800000 262144 177646
9900000 262144 180537
10000000 262144 191507
10100000 262144 190533
10200000 262144 187960
10300000 262144 173150
10400000 262144 175687
10500000 262144 182746
10600000 262144 193780
10700000 262144 191082
10800000 262144 194578
10900000 262144 194510
11000000 262144 192059
11100000 262144 193259
11200000 262144 193775
11300000 262144 195666
11400000 262144 187868
11500000 262144 185072
11600000 262144 189970
11700000 262144 186921
11800000 262144 187162
11900000 262144 192981
12000000 262144 195418
12100000 262144 209193
12200000 262144 204265
12300000 262144 201053
12400000 262144 203069
12500000 262144 191970
12600000 262144 177074
12700000 262144 181537
12800000 262144 179616
12900000 262144 182285
13000000 262144 182827
13100000 262144 183008
13200000 262144 195924
13300000 262144 174395
13400000 262144 175497
13500000 262144 180427
13600000 262144 180786
13700000 262144 181812
13800000 262144 183475
13900000 262144 181980
14000000 262144 191362
14100000 262144 202971
14200000 262144 206595
