100000 70397 61615
200000 154203 134689
300000 198434 168405
400000 262144 208986
500000 262144 210669
600000 262144 211714
700000 262144 214943
800000 262144 217286
900000 262144 225005
1000000 262144 231857
1100000 262144 185758
1200000 262144 184629
1300000 262144 188380
1400000 262144 186021
1500000 262144 190176
1600000 262144 198561
1700000 262144 198740
1800000 262144 195340
1900000 262144 201978
2000000 262144 201594
2100000 262144 201891
2200000 262144 196632
2300000 262144 197794
2400000 262144 203652
2500000 262144 201095
2600000 262144 199927
2700000 262144 195126
2800000 262144 197670
2900000 262144 206433
3000000 262144 204602
3100000 262144 196492
3200000 262144 202165
3300000 262144 204180
3400000 262144 206865
3500000 262144 202135
3600000 262144 194070
3700000 262144 219677
3800000 262144 221285
3900000 262144 227089
4000000 262144 224964
4100000 262144 219260
4200000 262144 241992
4300000 262144 238299
4400000 262144 233536
4500000 262144 239828
4600000 262144 246833
4700000 262144 247427
4800000 262144 246823
4900000 262144 253440
5000000 262144 247592
5100000 262144 241781
5200000 262144 236049
5300000 262144 235668
5400000 262144 238824
5500000 262144 244289
5600000 262144 250455
5700000 262144 241638
5800000 262144 235932
5900000 262144 231995
6000000 262144 232958
6100000 262144 238068
6200000 262144 246367
6300000 262144 251012
6400000 262144 249045
6500000 262144 253871
6600000 262144 249519
6700000 262144 245464
6800000 262144 253864
6900000 262144 253632
7000000 262144 253751
7100000 262144 252339
7200000 262144 253495
7300000 262144 254364
7400000 262144 254354
7500000 262144 254081
7600000 262144 254272
7700000 262144 254171
7800000 262144 254246
7900000 262144 254084
8000000 262144 253823
8100000 262144 250960
8200000 262144 240481
8300000 262144 234293
8400000 262144 233514
8500000 262144 228818
8600000 262144 230246
8700000 262144 235034
8800000 262144 245429
8900000 262144 243202
9000000 262144 237022
9100000 262144 232442
9200000 262144 232649
9300000 262144 235279
9400000 262144 239601
9500000 262144 238171
9600000 262144 235956
9700000 262144 235865
9800000 262144 234618
9900000 262144 236853
10000000 262144 247577
10100000 262144 243129
10200000 262144 244685
10300000 262144 240489
10400000 262144 238330
10500000 262144 245892
10600000 262144 255917
10700000 262144 250058
10800000 262144 251937
10900000 262144 251466
11000000 262144 247204
11100000 262144 245904
11200000 262144 242062
11300000 262144 238923
11400000 262144 239616
11500000 262144 236532
11600000 262144 241678
11700000 262144 238955
11800000 262144 236664
11900000 262144 232160
12000000 262144 234446
12100000 262144 247823
12200000 262144 242829
12300000 262144 239299
12400000 262144 241049
12500000 262144 240310
12600000 262144 237124
12700000 262144 239666
12800000 262144 237429
12900000 262144 239988
13000000 262144 240396
13100000 262144 240377
13200000 262144 238381
13300000 262144 233859
13400000 262144 234938
13500000 262144 239451
13600000 262144 238906
13700000 262144 239542
13800000 262144 236332
13900000 262144 233472
14000000 262144 241018
14100000 262144 252128
14200000 262144 255736
