100000 72513 61675
200000 179803 135392
300000 224034 169223
400000 262144 192747
500000 262144 190074
600000 262144 190922
700000 262144 197967
800000 262144 197512
900000 262144 199902
1000000 262144 196208
1100000 262144 155550
1200000 262144 161511
1300000 262144 166420
1400000 262144 166537
1500000 262144 173708
1600000 262144 186349
1700000 262144 176777
1800000 262144 174847
1900000 262144 181518
2000000 262144 179182
2100000 262144 180374
2200000 262144 184838
2300000 262144 186948
2400000 262144 192814
2500000 262144 190319
2600000 262144 189455
2700000 262144 185126
2800000 262144 189337
2900000 262144 198015
3000000 262144 196104
3100000 262144 187990
3200000 262144 193503
3300000 262144 191166
3400000 262144 193324
3500000 262144 188593
3600000 262144 157158
3700000 262144 168876
3800000 262144 169562
3900000 262144 174956
4000000 262144 165498
4100000 262144 169438
4200000 262144 192222
4300000 262144 188529
4400000 262144 184521
4500000 262144 190809
4600000 262144 197812
4700000 262144 198407
4800000 262144 197835
4900000 262144 205764
5000000 262144 196364
5100000 262144 189807
5200000 262144 154701
5300000 262144 154062
5400000 262144 159152
5500000 262144 165405
5600000 262144 178465
5700000 262144 170693
5800000 262144 162681
5900000 262144 157160
6000000 262144 162153
6100000 262144 168728
6200000 262144 175809
6300000 262144 180049
6400000 262144 178279
6500000 262144 183711
6600000 262144 181352
6700000 262144 179756
6800000 262144 188724
6900000 262144 188707
7000000 262144 189385
7100000 262144 188469
7200000 262144 189899
7300000 262144 191593
7400000 262144 192145
7500000 262144 193242
7600000 262144 194089
7700000 262144 194956
7800000 262144 195558
7900000 262144 196019
8000000 262144 196427
8100000 262144 193909
8200000 262144 184102
8300000 262144 171719
8400000 262144 170964
8500000 262144 175771
8600000 262144 154618
8700000 262144 159589
8800000 262144 170650
8900000 262144 168622
9000000 262144 162475
9100000 262144 157514
9200000 262144 157746
9300000 262144 160329
9400000 262144 164681
9500000 262144 162336
9600000 262144 160180
9700000 262144 181125
9800000 262144 171669
9900000 262144 174018
10000000 262144 185573
10100000 262144 185489
10200000 262144 188749
10300000 262144 165794
10400000 262144 162697
10500000 262144 177428
10600000 262144 192994
10700000 262144 189292
10800000 262144 192769
10900000 262144 192652
11000000 262144 188227
11100000 262144 186349
11200000 262144 194041
11300000 262144 194465
11400000 262144 178071
11500000 262144 177887
11600000 262144 188504
11700000 262144 184014
11800000 262144 185051
11900000 262144 189506
12000000 262144 191563
12100000 262144 204917
12200000 262144 199921
12300000 262144 196031
12400000 262144 197677
12500000 262144 168220
12600000 262144 168096
12700000 262144 175619
12800000 262144 173949
12900000 262144 177091
13000000 262144 169363
13100000 262144 167306
13200000 262144 197082
13300000 262144 166437
13400000 262144 170447
13500000 262144 175863
13600000 262144 167981
13700000 262144 171725
13800000 262144 179459
13900000 262144 176330
14000000 262144 185668
14100000 262144 198096
14200000 262144 201839
