0.0102	0.0019 0.0102	0.0011 0.0102	0.0120 0.0102	0.0004 0.0102	0.0020 0.0102	0.0069
0.0204	0.0028 0.0204	0.0021 0.0204	0.0322 0.0204	0.0008 0.0204	0.0022 0.0204	0.0086
0.0306	0.0028 0.0306	0.0022 0.0306	0.0641 0.0306	0.0012 0.0306	0.0025 0.0306	0.0098
0.0408	0.0064 0.0408	0.0023 0.0408	0.0698 0.0408	0.0032 0.0408	0.0040 0.0408	0.0141
0.0510	0.0066 0.0510	0.0033 0.0510	0.0992 0.0510	0.0052 0.0510	0.0045 0.0510	0.0239
0.0612	0.0088 0.0612	0.0050 0.0612	0.1127 0.0612	0.0066 0.0612	0.0050 0.0612	0.0338
0.0714	0.0097 0.0714	0.0051 0.0714	0.1760 0.0714	0.0074 0.0714	0.0050 0.0714	0.0357
0.0816	0.0120 0.0816	0.0062 0.0816	0.1778 0.0816	0.0089 0.0816	0.0095 0.0816	0.0416
0.0918	0.0133 0.0918	0.0065 0.0918	0.1796 0.0918	0.0102 0.0918	0.0127 0.0918	0.0424
0.1020	0.0213 0.1020	0.0068 0.1020	0.1827 0.1020	0.0120 0.1020	0.0137 0.1020	0.0436
0.1122	0.0242 0.1122	0.0068 0.1122	0.2274 0.1122	0.0129 0.1122	0.0142 0.1122	0.0450
0.1224	0.0252 0.1224	0.0078 0.1224	0.2526 0.1224	0.0130 0.1224	0.0144 0.1224	0.0470
0.1327	0.0270 0.1327	0.0091 0.1327	0.2783 0.1327	0.0205 0.1327	0.0154 0.1327	0.0502
0.1429	0.0383 0.1429	0.0098 0.1429	0.2873 0.1429	0.0225 0.1429	0.0219 0.1429	0.0538
0.1531	0.0391 0.1531	0.0099 0.1531	0.2874 0.1531	0.0242 0.1531	0.0236 0.1531	0.0590
0.1633	0.0469 0.1633	0.0105 0.1633	0.2886 0.1633	0.0247 0.1633	0.0244 0.1633	0.0615
0.1735	0.0478 0.1735	0.0114 0.1735	0.3067 0.1735	0.0277 0.1735	0.0296 0.1735	0.0766
0.1837	0.0487 0.1837	0.0118 0.1837	0.3122 0.1837	0.0296 0.1837	0.0303 0.1837	0.1022
0.1939	0.0498 0.1939	0.0124 0.1939	0.3158 0.1939	0.0305 0.1939	0.0358 0.1939	0.1524
0.2041	0.0530 0.2041	0.0147 0.2041	0.3169 0.2041	0.0331 0.2041	0.0375 0.2041	0.1612
0.2143	0.0675 0.2143	0.0159 0.2143	0.3259 0.2143	0.0351 0.2143	0.0385 0.2143	0.1857
0.2245	0.0688 0.2245	0.0162 0.2245	0.3449 0.2245	0.0351 0.2245	0.0415 0.2245	0.1857
0.2347	0.0718 0.2347	0.0168 0.2347	0.3768 0.2347	0.0362 0.2347	0.0518 0.2347	0.1867
0.2449	0.0737 0.2449	0.0170 0.2449	0.4142 0.2449	0.0377 0.2449	0.0531 0.2449	0.2060
0.2551	0.0858 0.2551	0.0183 0.2551	0.4181 0.2551	0.0422 0.2551	0.0570 0.2551	0.2110
0.2653	0.0865 0.2653	0.0191 0.2653	0.4203 0.2653	0.0440 0.2653	0.0659 0.2653	0.2335
0.2755	0.0959 0.2755	0.0199 0.2755	0.4377 0.2755	0.0443 0.2755	0.0660 0.2755	0.2366
0.2857	0.1066 0.2857	0.0203 0.2857	0.4788 0.2857	0.0446 0.2857	0.0666 0.2857	0.2412
0.2959	0.1087 0.2959	0.0217 0.2959	0.4890 0.2959	0.0470 0.2959	0.0682 0.2959	0.2546
0.3061	0.1348 0.3061	0.0218 0.3061	0.5072 0.3061	0.0477 0.3061	0.0711 0.3061	0.2671
0.3163	0.1361 0.3163	0.0232 0.3163	0.5338 0.3163	0.0496 0.3163	0.0722 0.3163	0.2720
0.3265	0.1394 0.3265	0.0232 0.3265	0.5561 0.3265	0.0504 0.3265	0.0732 0.3265	0.2963
0.3367	0.1398 0.3367	0.0235 0.3367	0.5598 0.3367	0.0532 0.3367	0.0745 0.3367	0.3065
0.3469	0.1405 0.3469	0.0242 0.3469	0.5713 0.3469	0.0535 0.3469	0.0789 0.3469	0.3197
0.3571	0.1438 0.3571	0.0252 0.3571	0.5756 0.3571	0.0537 0.3571	0.0809 0.3571	0.3207
0.3673	0.1567 0.3673	0.0259 0.3673	0.5909 0.3673	0.0569 0.3673	0.0817 0.3673	0.3468
0.3776	0.1694 0.3776	0.0285 0.3776	0.6303 0.3776	0.0584 0.3776	0.0883 0.3776	0.3512
0.3878	0.1703 0.3878	0.0286 0.3878	0.6842 0.3878	0.0630 0.3878	0.0907 0.3878	0.3798
0.3980	0.1740 0.3980	0.0295 0.3980	0.7032 0.3980	0.0650 0.3980	0.0909 0.3980	0.4875
0.4082	0.1787 0.4082	0.0365 0.4082	0.7036 0.4082	0.0678 0.4082	0.0965 0.4082	0.5283
0.4184	0.1880 0.4184	0.0406 0.4184	0.7158 0.4184	0.0702 0.4184	0.0979 0.4184	0.5285
0.4286	0.1893 0.4286	0.0440 0.4286	0.7704 0.4286	0.0732 0.4286	0.0994 0.4286	0.5341
0.4388	0.2015 0.4388	0.0499 0.4388	0.7907 0.4388	0.0779 0.4388	0.1011 0.4388	0.5598
0.4490	0.2110 0.4490	0.0511 0.4490	0.8024 0.4490	0.0806 0.4490	0.1034 0.4490	0.5623
0.4592	0.2240 0.4592	0.0546 0.4592	0.8446 0.4592	0.0906 0.4592	0.1068 0.4592	0.5690
0.4694	0.2249 0.4694	0.0548 0.4694	0.8524 0.4694	0.0941 0.4694	0.1132 0.4694	0.5741
0.4796	0.2351 0.4796	0.0630 0.4796	0.8657 0.4796	0.0992 0.4796	0.1138 0.4796	0.5762
0.4898	0.2386 0.4898	0.0653 0.4898	0.8842 0.4898	0.1067 0.4898	0.1139 0.4898	0.6374
0.5000	0.2492 0.5000	0.0689 0.5000	0.9110 0.5000	0.1102 0.5000	0.1162 0.5000	0.6395
0.5102	0.2607 0.5102	0.0689 0.5102	0.9563 0.5102	0.1153 0.5102	0.1193 0.5102	0.6748
0.5204	0.2844 0.5204	0.0721 0.5204	1.0304 0.5204	0.1157 0.5204	0.1195 0.5204	0.7442
0.5306	0.3008 0.5306	0.0773 0.5306	1.0336 0.5306	0.1188 0.5306	0.1227 0.5306	0.7785
0.5408	0.3083 0.5408	0.0861 0.5408	1.0622 0.5408	0.1199 0.5408	0.1238 0.5408	0.7861
0.5510	0.3337 0.5510	0.0875 0.5510	1.0656 0.5510	0.1217 0.5510	0.1239 0.5510	0.8176
0.5612	0.3347 0.5612	0.0876 0.5612	1.0824 0.5612	0.1312 0.5612	0.1282 0.5612	0.8254
0.5714	0.3453 0.5714	0.0889 0.5714	1.1562 0.5714	0.1324 0.5714	0.1286 0.5714	0.8482
0.5816	0.3517 0.5816	0.0914 0.5816	1.2606 0.5816	0.1434 0.5816	0.1293 0.5816	0.8610
0.5918	0.3777 0.5918	0.0992 0.5918	1.3156 0.5918	0.1448 0.5918	0.1311 0.5918	0.8723
0.6020	0.4098 0.6020	0.1038 0.6020	1.3164 0.6020	0.1556 0.6020	0.1415 0.6020	0.8885
0.6122	0.5100 0.6122	0.1046 0.6122	1.3201 0.6122	0.1775 0.6122	0.1419 0.6122	0.9942
0.6224	1.2687 0.6224	0.1071 0.6224	1.3233 0.6224	0.2137 0.6224	0.1525 0.6224	1.0009
0.6327	1.2992 0.6327	0.1127 0.6327	1.3440 0.6327	0.2235 0.6327	0.1533 0.6327	1.0170
0.6429	1.3252 0.6429	0.1138 0.6429	1.4189 0.6429	0.2320 0.6429	0.1562 0.6429	1.0530
0.6531	1.3286 0.6531	0.1214 0.6531	1.4316 0.6531	0.2326 0.6531	0.1613 0.6531	1.0825
0.6633	1.3484 0.6633	0.1215 0.6633	1.4977 0.6633	0.2350 0.6633	0.1672 0.6633	1.0870
0.6735	1.3578 0.6735	0.1286 0.6735	1.5206 0.6735	0.3048 0.6735	0.1692 0.6735	1.1094
0.6837	1.3592 0.6837	0.1375 0.6837	1.5721 0.6837	0.3258 0.6837	0.1752 0.6837	1.1142
0.6939	1.3822 0.6939	0.1463 0.6939	1.6349 0.6939	0.3360 0.6939	0.1766 0.6939	1.1229
0.7041	1.4093 0.7041	0.1526 0.7041	1.7355 0.7041	0.3798 0.7041	0.1970 0.7041	1.2385
0.7143	1.4142 0.7143	0.1685 0.7143	1.7421 0.7143	0.5289 0.7143	0.2026 0.7143	1.2507
0.7245	1.4483 0.7245	0.1800 0.7245	1.7492 0.7245	0.5848 0.7245	0.2163 0.7245	1.2602
0.7347	1.4498 0.7347	0.1907 0.7347	1.7822 0.7347	0.6340 0.7347	0.2176 0.7347	1.2632
0.7449	1.4645 0.7449	0.1922 0.7449	1.8387 0.7449	0.8187 0.7449	0.2316 0.7449	1.3133
0.7551	1.4688 0.7551	0.2059 0.7551	1.8412 0.7551	0.8595 0.7551	0.2332 0.7551	1.3604
0.7653	1.4749 0.7653	0.2181 0.7653	1.9404 0.7653	0.8601 0.7653	0.2337 0.7653	1.3976
0.7755	1.4768 0.7755	0.2233 0.7755	2.0045 0.7755	0.9049 0.7755	0.2482 0.7755	1.4601
0.7857	1.4796 0.7857	0.2303 0.7857	2.0206 0.7857	0.9331 0.7857	0.2519 0.7857	1.6037
0.7959	1.5329 0.7959	0.2378 0.7959	2.0576 0.7959	0.9363 0.7959	0.2920 0.7959	1.6159
0.8061	1.5424 0.8061	0.2411 0.8061	2.0941 0.8061	0.9447 0.8061	0.3069 0.8061	1.6559
0.8163	1.5447 0.8163	0.2453 0.8163	2.2284 0.8163	0.9670 0.8163	0.3181 0.8163	1.7546
0.8265	1.5864 0.8265	0.2724 0.8265	2.2667 0.8265	0.9705 0.8265	0.3464 0.8265	2.0160
0.8367	1.6147 0.8367	0.2895 0.8367	2.3514 0.8367	1.1199 0.8367	0.3593 0.8367	2.1529
0.8469	1.6207 0.8469	0.3431 0.8469	2.4128 0.8469	1.1274 0.8469	0.3725 0.8469	2.1642
0.8571	1.6363 0.8571	0.3684 0.8571	2.5111 0.8571	1.1373 0.8571	0.4695 0.8571	2.1733
0.8673	1.6504 0.8673	0.3689 0.8673	2.5281 0.8673	1.1402 0.8673	0.5276 0.8673	2.2778
0.8776	1.6668 0.8776	0.4310 0.8776	2.6075 0.8776	1.1698 0.8776	0.7043 0.8776	2.3427
0.8878	1.6912 0.8878	0.5683 0.8878	2.6120 0.8878	1.1714 0.8878	0.8345 0.8878	2.4058
0.8980	1.7728 0.8980	0.5835 0.8980	2.6191 0.8980	1.1742 0.8980	0.8686 0.8980	2.6339
0.9082	1.7752 0.9082	0.6095 0.9082	2.6419 0.9082	1.2113 0.9082	0.9139 0.9082	2.7008
0.9184	1.8158 0.9184	0.6580 0.9184	2.7188 0.9184	1.2586 0.9184	0.9166 0.9184	2.7741
0.9286	1.8159 0.9286	0.7148 0.9286	2.8352 0.9286	1.2712 0.9286	1.0131 0.9286	2.8548
0.9388	1.8190 0.9388	0.7425 0.9388	3.0373 0.9388	1.4153 0.9388	1.1517 0.9388	2.9045
0.9490	1.8285 0.9490	0.7818 0.9490	3.0888 0.9490	1.4283 0.9490	1.2995 0.9490	3.0139
0.9592	1.8309 0.9592	0.8829 0.9592	3.1448 0.9592	1.5092 0.9592	1.3677 0.9592	3.0800
0.9694	1.8484 0.9694	0.8933 0.9694	3.1839 0.9694	1.5168 0.9694	1.4241 0.9694	3.4313
0.9796	1.8584 0.9796	0.9203 0.9796	3.3008 0.9796	1.5177 0.9796	1.5261 0.9796	3.5571
0.9898	2.1738 0.9898	0.9252 0.9898	3.3219 0.9898	1.5716 0.9898	1.6832 0.9898	3.9571
1.0000	2.2131 1.0000	0.9255 1.0000	3.3829 1.0000	1.6347 1.0000	1.8490 1.0000	4.1301
