0.0102	0.0025 0.0102	0.0002 0.0102	0.0037 0.0102	0.0088 0.0102	0.0011 0.0102	0.0072
0.0204	0.0026 0.0204	0.0003 0.0204	0.0213 0.0204	0.0121 0.0204	0.0023 0.0204	0.0088
0.0306	0.0030 0.0306	0.0021 0.0306	0.0406 0.0306	0.0181 0.0306	0.0033 0.0306	0.0126
0.0408	0.0032 0.0408	0.0040 0.0408	0.0550 0.0408	0.0198 0.0408	0.0064 0.0408	0.0189
0.0510	0.0070 0.0510	0.0058 0.0510	0.0865 0.0510	0.0198 0.0510	0.0070 0.0510	0.0235
0.0612	0.0138 0.0612	0.0063 0.0612	0.0922 0.0612	0.0208 0.0612	0.0190 0.0612	0.0271
0.0714	0.0157 0.0714	0.0069 0.0714	0.1000 0.0714	0.0213 0.0714	0.0203 0.0714	0.0281
0.0816	0.0172 0.0816	0.0069 0.0816	0.1082 0.0816	0.0214 0.0816	0.0213 0.0816	0.0314
0.0918	0.0174 0.0918	0.0073 0.0918	0.1108 0.0918	0.0263 0.0918	0.0227 0.0918	0.0342
0.1020	0.0191 0.1020	0.0081 0.1020	0.1302 0.1020	0.0273 0.1020	0.0235 0.1020	0.0396
0.1122	0.0216 0.1122	0.0099 0.1122	0.1562 0.1122	0.0287 0.1122	0.0250 0.1122	0.0447
0.1224	0.0244 0.1224	0.0100 0.1224	0.1969 0.1224	0.0292 0.1224	0.0352 0.1224	0.0479
0.1327	0.0278 0.1327	0.0121 0.1327	0.2019 0.1327	0.0321 0.1327	0.0356 0.1327	0.0641
0.1429	0.0363 0.1429	0.0129 0.1429	0.2313 0.1429	0.0330 0.1429	0.0438 0.1429	0.0670
0.1531	0.0392 0.1531	0.0133 0.1531	0.2449 0.1531	0.0351 0.1531	0.0474 0.1531	0.0819
0.1633	0.0417 0.1633	0.0135 0.1633	0.2478 0.1633	0.0360 0.1633	0.0474 0.1633	0.0932
0.1735	0.0425 0.1735	0.0140 0.1735	0.2729 0.1735	0.0369 0.1735	0.0492 0.1735	0.0957
0.1837	0.0524 0.1837	0.0156 0.1837	0.3008 0.1837	0.0385 0.1837	0.0496 0.1837	0.0994
0.1939	0.0556 0.1939	0.0156 0.1939	0.3056 0.1939	0.0401 0.1939	0.0539 0.1939	0.1071
0.2041	0.0557 0.2041	0.0175 0.2041	0.3196 0.2041	0.0561 0.2041	0.0559 0.2041	0.1075
0.2143	0.0566 0.2143	0.0179 0.2143	0.3247 0.2143	0.0647 0.2143	0.0559 0.2143	0.1077
0.2245	0.0580 0.2245	0.0179 0.2245	0.3251 0.2245	0.0691 0.2245	0.0567 0.2245	0.1190
0.2347	0.0721 0.2347	0.0188 0.2347	0.3361 0.2347	0.0741 0.2347	0.0634 0.2347	0.1243
0.2449	0.0753 0.2449	0.0211 0.2449	0.3698 0.2449	0.0764 0.2449	0.0663 0.2449	0.1363
0.2551	0.0799 0.2551	0.0213 0.2551	0.3884 0.2551	0.0802 0.2551	0.0671 0.2551	0.1643
0.2653	0.1056 0.2653	0.0223 0.2653	0.4067 0.2653	0.0834 0.2653	0.0682 0.2653	0.1731
0.2755	0.1127 0.2755	0.0229 0.2755	0.4495 0.2755	0.0886 0.2755	0.0705 0.2755	0.1994
0.2857	0.1170 0.2857	0.0247 0.2857	0.4530 0.2857	0.0904 0.2857	0.0712 0.2857	0.2016
0.2959	0.1179 0.2959	0.0255 0.2959	0.4700 0.2959	0.0909 0.2959	0.0727 0.2959	0.2037
0.3061	0.1227 0.3061	0.0259 0.3061	0.4808 0.3061	0.0965 0.3061	0.0764 0.3061	0.2078
0.3163	0.1281 0.3163	0.0310 0.3163	0.4885 0.3163	0.0986 0.3163	0.0769 0.3163	0.2081
0.3265	0.1305 0.3265	0.0321 0.3265	0.5070 0.3265	0.0987 0.3265	0.0784 0.3265	0.2393
0.3367	0.1331 0.3367	0.0323 0.3367	0.5163 0.3367	0.1021 0.3367	0.0815 0.3367	0.2431
0.3469	0.1399 0.3469	0.0341 0.3469	0.5320 0.3469	0.1116 0.3469	0.0833 0.3469	0.2621
0.3571	0.1503 0.3571	0.0343 0.3571	0.5357 0.3571	0.1127 0.3571	0.0888 0.3571	0.2750
0.3673	0.1587 0.3673	0.0347 0.3673	0.5903 0.3673	0.1146 0.3673	0.0926 0.3673	0.2823
0.3776	0.1745 0.3776	0.0354 0.3776	0.6241 0.3776	0.1157 0.3776	0.0940 0.3776	0.2833
0.3878	0.1788 0.3878	0.0365 0.3878	0.6309 0.3878	0.1173 0.3878	0.0983 0.3878	0.2890
0.3980	0.1809 0.3980	0.0374 0.3980	0.6342 0.3980	0.1185 0.3980	0.1013 0.3980	0.2906
0.4082	0.1828 0.4082	0.0406 0.4082	0.6501 0.4082	0.1247 0.4082	0.1017 0.4082	0.3047
0.4184	0.1864 0.4184	0.0475 0.4184	0.6724 0.4184	0.1278 0.4184	0.1043 0.4184	0.3188
0.4286	0.1950 0.4286	0.0504 0.4286	0.6880 0.4286	0.1304 0.4286	0.1065 0.4286	0.3255
0.4388	0.2000 0.4388	0.0521 0.4388	0.7084 0.4388	0.1319 0.4388	0.1068 0.4388	0.3294
0.4490	0.2224 0.4490	0.0570 0.4490	0.7193 0.4490	0.1321 0.4490	0.1097 0.4490	0.3305
0.4592	0.2254 0.4592	0.0596 0.4592	0.7277 0.4592	0.1371 0.4592	0.1099 0.4592	0.3899
0.4694	0.2487 0.4694	0.0677 0.4694	0.7339 0.4694	0.1401 0.4694	0.1102 0.4694	0.4046
0.4796	0.2695 0.4796	0.0678 0.4796	0.7731 0.4796	0.1449 0.4796	0.1123 0.4796	0.4158
0.4898	0.2714 0.4898	0.0691 0.4898	0.7936 0.4898	0.1476 0.4898	0.1141 0.4898	0.4250
0.5000	0.2720 0.5000	0.0778 0.5000	0.7974 0.5000	0.1597 0.5000	0.1178 0.5000	0.4480
0.5102	0.3062 0.5102	0.0808 0.5102	0.8073 0.5102	0.1766 0.5102	0.1190 0.5102	0.4686
0.5204	0.3176 0.5204	0.0809 0.5204	0.8306 0.5204	0.1876 0.5204	0.1216 0.5204	0.5191
0.5306	0.3256 0.5306	0.0842 0.5306	0.8495 0.5306	0.1907 0.5306	0.1226 0.5306	0.5350
0.5408	0.3319 0.5408	0.0867 0.5408	0.8832 0.5408	0.1913 0.5408	0.1256 0.5408	0.5583
0.5510	0.3434 0.5510	0.0932 0.5510	0.9094 0.5510	0.1927 0.5510	0.1291 0.5510	0.5614
0.5612	0.3675 0.5612	0.1012 0.5612	1.0394 0.5612	0.1981 0.5612	0.1311 0.5612	0.5632
0.5714	0.3787 0.5714	0.1042 0.5714	1.0413 0.5714	0.2044 0.5714	0.1312 0.5714	0.5715
0.5816	0.4092 0.5816	0.1099 0.5816	1.0486 0.5816	0.2048 0.5816	0.1315 0.5816	0.5765
0.5918	0.4167 0.5918	0.1110 0.5918	1.0494 0.5918	0.2058 0.5918	0.1392 0.5918	0.6193
0.6020	0.4218 0.6020	0.1130 0.6020	1.0833 0.6020	0.2089 0.6020	0.1456 0.6020	0.6231
0.6122	0.5403 0.6122	0.1187 0.6122	1.1532 0.6122	0.2269 0.6122	0.1466 0.6122	0.6400
0.6224	1.2950 0.6224	0.1231 0.6224	1.1987 0.6224	0.2351 0.6224	0.1486 0.6224	0.6569
0.6327	1.3025 0.6327	0.1293 0.6327	1.2212 0.6327	0.2384 0.6327	0.1492 0.6327	0.6811
0.6429	1.3134 0.6429	0.1332 0.6429	1.2640 0.6429	0.2454 0.6429	0.1550 0.6429	0.7106
0.6531	1.3181 0.6531	0.1355 0.6531	1.3073 0.6531	0.2577 0.6531	0.1551 0.6531	0.7386
0.6633	1.3282 0.6633	0.1381 0.6633	1.3165 0.6633	0.2750 0.6633	0.1553 0.6633	0.7419
0.6735	1.3337 0.6735	0.1421 0.6735	1.4506 0.6735	0.3114 0.6735	0.1688 0.6735	0.8174
0.6837	1.3762 0.6837	0.1474 0.6837	1.4776 0.6837	0.3132 0.6837	0.1712 0.6837	0.8236
0.6939	1.4199 0.6939	0.1507 0.6939	1.5490 0.6939	0.3192 0.6939	0.1721 0.6939	0.8362
0.7041	1.4288 0.7041	0.1571 0.7041	1.5728 0.7041	0.3651 0.7041	0.1728 0.7041	0.8796
0.7143	1.4338 0.7143	0.1588 0.7143	1.6206 0.7143	0.5101 0.7143	0.1819 0.7143	0.9121
0.7245	1.4594 0.7245	0.1681 0.7245	1.6431 0.7245	0.6780 0.7245	0.1876 0.7245	0.9181
0.7347	1.4614 0.7347	0.2056 0.7347	1.6440 0.7347	0.7357 0.7347	0.1898 0.7347	0.9206
0.7449	1.4839 0.7449	0.2104 0.7449	1.6682 0.7449	0.7529 0.7449	0.1929 0.7449	0.9642
0.7551	1.5143 0.7551	0.2276 0.7551	1.6923 0.7551	0.7623 0.7551	0.1967 0.7551	0.9965
0.7653	1.5169 0.7653	0.2315 0.7653	1.7282 0.7653	0.7997 0.7653	0.1970 0.7653	1.0041
0.7755	1.5207 0.7755	0.2377 0.7755	1.7784 0.7755	0.9183 0.7755	0.2064 0.7755	1.0569
0.7857	1.5238 0.7857	0.2399 0.7857	1.7863 0.7857	0.9645 0.7857	0.2201 0.7857	1.0745
0.7959	1.5371 0.7959	0.2703 0.7959	1.8452 0.7959	0.9863 0.7959	0.2449 0.7959	1.0826
0.8061	1.5417 0.8061	0.2719 0.8061	1.9046 0.8061	1.0451 0.8061	0.2601 0.8061	1.0845
0.8163	1.6037 0.8163	0.2837 0.8163	1.9057 0.8163	1.0541 0.8163	0.2664 0.8163	1.1141
0.8265	1.6249 0.8265	0.2860 0.8265	1.9397 0.8265	1.0548 0.8265	0.2745 0.8265	1.2656
0.8367	1.6337 0.8367	0.2876 0.8367	1.9584 0.8367	1.1092 0.8367	0.3231 0.8367	1.2795
0.8469	1.6395 0.8469	0.2908 0.8469	1.9880 0.8469	1.1116 0.8469	0.4230 0.8469	1.2806
0.8571	1.6600 0.8571	0.3243 0.8571	2.0023 0.8571	1.2307 0.8571	0.4314 0.8571	1.5868
0.8673	1.6847 0.8673	0.3455 0.8673	2.0290 0.8673	1.2613 0.8673	0.4553 0.8673	1.6054
0.8776	1.6907 0.8776	0.4235 0.8776	2.0624 0.8776	1.2700 0.8776	0.6297 0.8776	1.7279
0.8878	1.7149 0.8878	0.5135 0.8878	2.1032 0.8878	1.2771 0.8878	0.7846 0.8878	1.8861
0.8980	1.7786 0.8980	0.5246 0.8980	2.2191 0.8980	1.2999 0.8980	0.9202 0.8980	1.9610
0.9082	1.7934 0.9082	0.5378 0.9082	2.2809 0.9082	1.3045 0.9082	0.9427 0.9082	1.9971
0.9184	1.7935 0.9184	0.5710 0.9184	2.4893 0.9184	1.3875 0.9184	1.0699 0.9184	2.2654
0.9286	1.8391 0.9286	0.6679 0.9286	2.5027 0.9286	1.3950 0.9286	1.1006 0.9286	2.4477
0.9388	1.8451 0.9388	0.7393 0.9388	2.6459 0.9388	1.4217 0.9388	1.1936 0.9388	2.7446
0.9490	1.8458 0.9490	0.7791 0.9490	2.6473 0.9490	1.4923 0.9490	1.2946 0.9490	2.9115
0.9592	1.8589 0.9592	0.8181 0.9592	2.6604 0.9592	1.4926 0.9592	1.4001 0.9592	3.5481
0.9694	1.8657 0.9694	0.8205 0.9694	2.6682 0.9694	1.5574 0.9694	1.5723 0.9694	3.8342
0.9796	1.8778 0.9796	0.8547 0.9796	2.9145 0.9796	1.6456 0.9796	1.5757 0.9796	3.9725
0.9898	2.1978 0.9898	0.8551 0.9898	2.9578 0.9898	1.6463 0.9898	1.7073 0.9898	4.0518
1.0000	2.2258 1.0000	0.8605 1.0000	3.3060 1.0000	1.6553 1.0000	1.7445 1.0000	4.3713
